Condition	Item	1gram joint prob	2gram trans prob	2gram avg prob	2gram avg pos prob
AlbrightHayes2003.DISC	[b2z]	0.000200866282	0.000173359379	0.003159980054	0.019992796678	0.007456018628	0.000521210562	0.001502710972
AlbrightHayes2003.DISC	[bl1f]	0.000010847023	0.000001746034	0.002916579234	0.016796475179	0.007456018628	0.002122071575	0.001973154272	0.000115072462
AlbrightHayes2003.DISC	[blIg]	0.000058480754	0.000039151013	0.006767276099	0.017841692311	0.007456018628	0.002122071575	0.015748004847	0.001743009348
AlbrightHayes2003.DISC	[brE_]	0.000012404745	0.000006208764	0.003255873772	0.018554687993	0.007456018628	0.001844543873	0.003411560044	0.000311372544
AlbrightHayes2003.DISC	[J1k]	0.000057449314	0.000015515181	0.000725407774	0.003830363262	0.001167647039	0.000148917304	0.000859658979
AlbrightHayes2003.DISC	[J2nd]	0.000002120298	0.000002607984	0.002166069869	0.007135676640	0.001167647039	0.000098150041	0.001570400655	0.005828081742
AlbrightHayes2003.DISC	[Jul]	0.000029420410	0.000003822308	0.000559568050	0.003503211098	0.001167647039	0.000033844842	0.000477212268
AlbrightHayes2003.DISC	[d1p]	0.000411206881	0.000029636740	0.002916297194	0.020672956813	0.007709854941	0.000588900246	0.000450136395
AlbrightHayes2003.DISC	[d2z]	0.000318469811	0.000127747927	0.003267155386	0.020844827351	0.007709854941	0.000588900246	0.001502710972
AlbrightHayes2003.DISC	[dr2s]	0.000011561073	0.000004098853	0.002817583072	0.017295414496	0.007709854941	0.001343640216	0.001709164506	0.000507672626
AlbrightHayes2003.DISC	[drIt]	0.000080480864	0.000037519975	0.006255372869	0.020406897897	0.007709854941	0.001343640216	0.010891270062	0.005076726256
AlbrightHayes2003.DISC	[dw5_]	0.000002518044	0.000000035307	0.002034921108	0.014859473455	0.007709854941	0.000236913892	0.000087996588	0.000104919009
AlbrightHayes2003.DISC	[flip]	0.000006192813	0.000005545401	0.002445289813	0.015360739887	0.006562514807	0.001523017877	0.001106726324	0.000588900246
AlbrightHayes2003.DISC	[flEt]	0.000011998229	0.000011856268	0.002842966703	0.015541465512	0.006562514807	0.001523017877	0.001627936886	0.001658397244
AlbrightHayes2003.DISC	[flI_]	0.000049097648	0.000022022015	0.006284140984	0.016050773009	0.006562514807	0.001523017877	0.015748004847	0.001303026406
AlbrightHayes2003.DISC	[frIlg]	0.000001782340	0.000000104359	0.004667203671	0.014707318418	0.006562514807	0.001387638510	0.010891270062	0.004403213906	0.000091381073
AlbrightHayes2003.DISC	[g8R]	0.000017833792	0.000023915980	0.001357178152	0.009226322673	0.003482634212	0.000037229326	0.000551670920
AlbrightHayes2003.DISC	[gEz]	0.000186793095	0.000003966878	0.001300770083	0.009432970972	0.003482634212	0.000118456946	0.000301219091
AlbrightHayes2003.DISC	[glid]	0.000004032210	0.000003923822	0.001591553681	0.008467643665	0.003482634212	0.000785200328	0.001106726324	0.000991653862
AlbrightHayes2003.DISC	[glIp]	0.000031968024	0.000015911541	0.005564091977	0.009602493366	0.003482634212	0.000785200328	0.015748004847	0.002240528521
AlbrightHayes2003.DISC	[glIt]	0.000031968024	0.000036053342	0.006273141411	0.009896857279	0.003482634212	0.000785200328	0.015748004847	0.005076726256
AlbrightHayes2003.DISC	[gr2nt]	0.000000189952	0.000004589707	0.003551677689	0.008990866911	0.003482634212	0.002301449236	0.001709164506	0.001570400655	0.008694739835
AlbrightHayes2003.DISC	[grEl]	0.000006780952	0.000052451187	0.002915733113	0.011095390814	0.003482634212	0.002301449236	0.003411560044	0.002467288960
AlbrightHayes2003.DISC	[gud]	0.000072604886	0.000013940723	0.001395535640	0.009381281375	0.003482634212	0.000077843136	0.000626129572
AlbrightHayes2003.DISC	[gwEn_]	0.000000068773	0.000000124922	0.002009029804	0.006641844066	0.003482634212	0.000159070756	0.000856274495	0.004724739902	0.000822429653
AlbrightHayes2003.DISC	[kIv]	0.002951236926	0.000164488450	0.005728803540	0.032223381138	0.011862617019	0.002189761258	0.003134032342
AlbrightHayes2003.DISC	[krIlg]	0.000004480695	0.000000156117	0.006027089411	0.023423850395	0.011862617019	0.002886964998	0.010891270062	0.004403213906	0.000091381073
AlbrightHayes2003.DISC	[lVm]	0.000461154407	0.000076188792	0.002211196325	0.013298368865	0.004271219024	0.001055959061	0.001306410890
AlbrightHayes2003.DISC	[mIp]	0.001939031911	0.000180470834	0.004302807542	0.022645246776	0.006836658025	0.003831236081	0.002240528521
AlbrightHayes2003.DISC	[m3n]	0.000122982996	0.000040666048	0.002541747612	0.018254559381	0.006836658025	0.000213222503	0.000575362309
AlbrightHayes2003.DISC	[n1s]	0.000700564912	0.000025391972	0.001641474823	0.008874063295	0.002893733966	0.001015345251	0.001015345251
AlbrightHayes2003.DISC	[n5ld]	0.000023222501	0.000000928499	0.001618629555	0.008326893935	0.002893733966	0.000741202033	0.001749778316	0.001089803903
AlbrightHayes2003.DISC	[nVN]	0.000525459332	0.000006777504	0.001270309725	0.008486497737	0.002893733966	0.000395984648	0.000521210562
AlbrightHayes2003.DISC	[p{Nk]	0.000003401967	0.000035280914	0.003597706674	0.023920358711	0.010454671604	0.001380869542	0.001042421125	0.001512864424
AlbrightHayes2003.DISC	[pInt]	0.000094505787	0.000124721082	0.007844388187	0.027334404418	0.010454671604	0.002538363128	0.009689778181	0.008694739835
AlbrightHayes2003.DISC	[pl1k]	0.000015383787	0.000013184043	0.003864234802	0.022712430724	0.010454671604	0.002169454353	0.001973154272	0.000859658979
AlbrightHayes2003.DISC	[plIm]	0.000082940310	0.000080526397	0.007979767554	0.023960431884	0.010454671604	0.002169454353	0.015748004847	0.003546939411
AlbrightHayes2003.DISC	[pl5mf]	0.000000298298	0.000000068968	0.002976992277	0.017915680760	0.010454671604	0.002169454353	0.001404560931	0.000639667508	0.000216606987
AlbrightHayes2003.DISC	[pl5nT]	0.000000581054	0.000000087462	0.003091387842	0.018088846440	0.010454671604	0.002169454353	0.001404560931	0.001123648745	0.000304603575
AlbrightHayes2003.DISC	[prik]	0.000009080534	0.000056962568	0.004553823452	0.027471566423	0.010454671604	0.004298294897	0.002633128685	0.000829198622
AlbrightHayes2003.DISC	[pVm]	0.000275894194	0.000167844892	0.004109891945	0.029340643356	0.010454671604	0.000568593341	0.001306410890
AlbrightHayes2003.DISC	[pwIp]	0.000015321734	0.000001013964	0.003634089878	0.021452887498	0.010454671604	0.000071074168	0.001770085221	0.002240528521
AlbrightHayes2003.DISC	[pwVdz]	0.000000059623	0.000000000985	0.002270988879	0.016267218318	0.010454671604	0.000071074168	0.000145532819	0.000358755322	0.000324910480
AlbrightHayes2003.DISC	[kwid]	0.000002875975	0.000020693018	0.003804160208	0.024539710192	0.011862617019	0.001841159389	0.000521210562	0.000991653862
AlbrightHayes2003.DISC	[r2nt]	0.000019696367	0.000042387261	0.004690048940	0.018322499753	0.006785890762	0.001709164506	0.001570400655	0.008694739835
AlbrightHayes2003.DISC	[r{sk]	0.000032972599	0.000011747166	0.003535093716	0.016781168922	0.006785890762	0.002937732260	0.001116879776	0.003299872066
AlbrightHayes2003.DISC	[r2f]	0.000413315763	0.000049269622	0.002929835130	0.018504129446	0.006785890762	0.001709164506	0.000294450123
AlbrightHayes2003.DISC	[sk4l]	0.000002242670	0.000002061937	0.004772968802	0.032520123757	0.015470477145	0.003299872066	0.000067689683	0.000253836313
AlbrightHayes2003.DISC	[sfund]	0.000000260880	0.000000035228	0.004512871193	0.024976193372	0.015470477145	0.000375677743	0.000071074168	0.000819045169	0.005828081742
AlbrightHayes2003.DISC	[S2nt]	0.000005794291	0.000001411650	0.003002883581	0.008123950787	0.001678704149	0.000067689683	0.001570400655	0.008694739835
AlbrightHayes2003.DISC	[SIlk]	0.000035399900	0.000000327791	0.001829313694	0.006921527847	0.001678704149	0.000907041758	0.004403213906	0.000328294965
AlbrightHayes2003.DISC	[Sruks]	0.000000108677	0.000000006783	0.001300995715	0.004153892939	0.001678704149	0.000131994883	0.001313179858	0.000169224209	0.003211875478
AlbrightHayes2003.DISC	[S3n]	0.000053684725	0.000005809464	0.000769406068	0.004871653354	0.001678704149	0.000054151747	0.000575362309
AlbrightHayes2003.DISC	[SwuZ]	0.000000621163	0.000000002267	0.000469597179	0.003253576612	0.001678704149	0.000030460358	0.000040613810	0.000128610398
AlbrightHayes2003.DISC	[skEl]	0.000035406838	0.000004252699	0.005366099653	0.032872143380	0.015470477145	0.003299872066	0.000226760439	0.002467288960
AlbrightHayes2003.DISC	[skIk]	0.000144887429	0.000034884272	0.007384098340	0.033882250033	0.015470477145	0.003299872066	0.002189761258	0.008576282889
AlbrightHayes2003.DISC	[sklund]	0.000000027429	0.000000064892	0.004711201966	0.023393028184	0.015470477145	0.003299872066	0.001932540462	0.000917195210	0.000819045169	0.005828081742
AlbrightHayes2003.DISC	[skr2d]	0.000000755555	0.000001861764	0.004912917222	0.027215170627	0.015470477145	0.003299872066	0.002886964998	0.001709164506	0.001198107396
AlbrightHayes2003.DISC	[sl1m]	0.000030184380	0.000005287480	0.005034420204	0.031895586795	0.015470477145	0.002254066458	0.001973154272	0.000439982942
AlbrightHayes2003.DISC	[sm8f]	0.000002221012	0.000000054639	0.004063073247	0.030072815398	0.015470477145	0.000683665802	0.000033844842	0.000064305199
AlbrightHayes2003.DISC	[sm8g]	0.000002221012	0.000000008627	0.004049535310	0.030072815398	0.015470477145	0.000683665802	0.000033844842	0.000010153453
AlbrightHayes2003.DISC	[smilT]	0.000000502169	0.000000002539	0.003476542140	0.024289407580	0.015470477145	0.000683665802	0.000470443300	0.000676896834	0.000081227620
AlbrightHayes2003.DISC	[sminT]	0.000000572194	0.000000016087	0.003646443246	0.024367432440	0.015470477145	0.000683665802	0.000470443300	0.001303026406	0.000304603575
AlbrightHayes2003.DISC	[sm7g]	0.000004431242	0.000000023350	0.004066457731	0.030098656527	0.015470477145	0.000683665802	0.000091381073	0.000020306905
AlbrightHayes2003.DISC	[smVm]	0.000013243413	0.000003723177	0.004534362668	0.030777828302	0.015470477145	0.000683665802	0.000676896834	0.001306410890
AlbrightHayes2003.DISC	[snEl]	0.000045314152	0.000003286026	0.004926962832	0.030955200966	0.015470477145	0.001093188387	0.000676896834	0.002467288960
AlbrightHayes2003.DISC	[sn4ks]	0.000000106873	0.000000002496	0.003973384416	0.024879191069	0.015470477145	0.001093188387	0.000077843136	0.000013537937	0.003211875478
AlbrightHayes2003.DISC	[sp{k]	0.000022726416	0.000041284788	0.005659703655	0.033255186166	0.015470477145	0.003100187500	0.001380869542	0.002687280432
AlbrightHayes2003.DISC	[splIN]	0.000004071855	0.000011274040	0.008499793546	0.031900958444	0.015470477145	0.003100187500	0.002169454353	0.015748004847	0.006010843887
AlbrightHayes2003.DISC	[spr#f]	0.000000290749	0.000001125276	0.004807321316	0.026457150121	0.015470477145	0.003100187500	0.004298294897	0.000602438182	0.000565208857
AlbrightHayes2003.DISC	[skw5lk]	0.000000006882	0.000000002845	0.003796263078	0.022678315380	0.015470477145	0.003299872066	0.001841159389	0.000087996588	0.001749778316	0.000328294965
AlbrightHayes2003.DISC	[skwIl]	0.000001119398	0.000003050285	0.005356961545	0.028188641828	0.015470477145	0.003299872066	0.001841159389	0.001770085221	0.004403213906
AlbrightHayes2003.DISC	[stIn]	0.000206666013	0.000502472625	0.012021687775	0.036019615096	0.015470477145	0.011395558203	0.011530937570	0.009689778181
AlbrightHayes2003.DISC	[stIp]	0.000206666013	0.000116184728	0.010159375360	0.035659836981	0.015470477145	0.011395558203	0.011530937570	0.002240528521
AlbrightHayes2003.DISC	[st2@R]	0.000001617640	0.000008026434	0.007816804641	0.031530107462	0.015470477145	0.011395558203	0.001035652156	0.001590707560	0.009591628140
AlbrightHayes2003.DISC	[t#k]	0.000346298407	0.000030412152	0.002347703853	0.016103091538	0.005943154204	0.000477212268	0.000622745087
AlbrightHayes2003.DISC	[tip]	0.000530969700	0.000033522836	0.002461648154	0.016550725549	0.005943154204	0.000852890011	0.000588900246
AlbrightHayes2003.DISC	[tES]	0.001028723996	0.000023588263	0.002705331014	0.016816891866	0.005943154204	0.001790392126	0.000382446711
AlbrightHayes2003.DISC	[T1pt]	0.000001056624	0.000000023895	0.000559286009	0.002399569251	0.000866427948	0.000013537937	0.000450136395	0.000907041758
AlbrightHayes2003.DISC	[Tr4ks]	0.000000004764	0.000000002304	0.000932086941	0.002302977756	0.000866427948	0.000419676037	0.000148917304	0.000013537937	0.003211875478
AlbrightHayes2003.DISC	[Twiks]	0.000000008261	0.000000068896	0.001106049427	0.002410224995	0.000866427948	0.000101534525	0.000521210562	0.000829198622	0.003211875478
AlbrightHayes2003.DISC	[trIlb]	0.000006391219	0.000000260324	0.005352223268	0.014704320587	0.005943154204	0.005286564275	0.010891270062	0.004403213906	0.000236913892
AlbrightHayes2003.DISC	[trIsk]	0.000007502378	0.000007982264	0.007359899278	0.015501372242	0.005943154204	0.005286564275	0.010891270062	0.011378635782	0.003299872066
AlbrightHayes2003.DISC	[tVNk]	0.000004303844	0.000002972496	0.002123763817	0.013624635799	0.005943154204	0.000517826078	0.000521210562	0.001512864424
AlbrightHayes2003.DISC	[twu]	0.000410345336	0.000001697573	0.002155916417	0.015706655401	0.005943154204	0.000483981236	0.000040613810
AlbrightHayes2003.DISC	[wIs]	0.000612350831	0.000724866319	0.005614859239	0.018130916809	0.003695856714	0.001770085221	0.011378635782
AlbrightHayes2003.DISC	[z1ps]	0.000003126947	0.000000033339	0.000387523438	0.001205348711	0.000240298376	0.000385831195	0.000450136395	0.000473827784
AlbrightHayes2003.DISC	[z1]	0.008500973976	0.000073558566	0.000313064786	0.000942397563	0.000240298376	0.000385831195
